21.662736892700195
20.3037166595459
19.949832916259766
19.815513610839844
19.728818893432617
19.679161071777344
19.580150604248047
19.667760848999023
19.474340438842773
19.35247039794922
19.38709259033203
19.339872360229492
19.22814178466797
19.187957763671875
19.063690185546875
19.132448196411133
19.078231811523438
19.10778045654297
18.883407592773438
18.93138885498047
18.963680267333984
18.983028411865234
18.9532413482666
18.882568359375
19.081928253173828
18.963031768798828
18.83685874938965
18.831010818481445
18.72951889038086
18.681161880493164
18.97596549987793
18.995697021484375
18.710235595703125
18.866504669189453
18.658504486083984
18.95983123779297
18.617095947265625
18.7364501953125
18.77902603149414
18.563488006591797
18.86131477355957
18.727405548095703
18.73355484008789
18.518587112426758
18.61093521118164
18.772756576538086
18.918624877929688
18.64667510986328
18.62238121032715
18.708852767944336
18.79474449157715
18.618730545043945
18.57715606689453
18.51881217956543
18.538822174072266
18.7860050201416
18.578828811645508
18.509790420532227
18.413747787475586
18.510513305664062
18.474382400512695
18.37215805053711
18.472272872924805
18.47974967956543
18.600780487060547
18.414926528930664
18.649179458618164
18.298709869384766
18.561145782470703
18.43392562866211
18.48042869567871
18.460649490356445
18.54134750366211
18.4404239654541
18.645553588867188
