21.585498809814453
20.23495101928711
19.92554473876953
19.885784149169922
19.807476043701172
19.764053344726562
19.704586029052734
19.648799896240234
19.58966064453125
19.505151748657227
19.423547744750977
19.4493408203125
19.362003326416016
19.275226593017578
19.113147735595703
19.186439514160156
19.088747024536133
19.05025863647461
18.981895446777344
19.037179946899414
19.080196380615234
18.909278869628906
18.868507385253906
18.815288543701172
18.884714126586914
18.922035217285156
18.763607025146484
18.628822326660156
18.923812866210938
18.885658264160156
18.830766677856445
18.819339752197266
18.717496871948242
18.68932342529297
18.607440948486328
18.728605270385742
18.753616333007812
18.71516227722168
18.658187866210938
18.633262634277344
18.654273986816406
18.607593536376953
18.523326873779297
18.28487205505371
18.590099334716797
18.6402587890625
18.54256248474121
18.491596221923828
18.61630630493164
18.449848175048828
18.486103057861328
18.436378479003906
18.36745262145996
18.58997344970703
18.360300064086914
18.323726654052734
18.480680465698242
18.6063232421875
18.400856018066406
18.320697784423828
18.457542419433594
18.407716751098633
18.44683074951172
18.304515838623047
18.17131805419922
18.178998947143555
18.450475692749023
18.36424446105957
18.308744430541992
18.149084091186523
18.293628692626953
18.25749397277832
18.305940628051758
18.381309509277344
18.318918228149414
18.292007446289062
18.28526496887207
18.15676498413086
18.2170467376709
18.001712799072266
18.050168991088867
18.42200469970703
17.996070861816406
18.200050354003906
18.12078094482422
18.207067489624023
18.22987174987793
18.042524337768555
18.27764892578125
18.159587860107422
18.031085968017578
17.97946548461914
17.904563903808594
17.986129760742188
17.81185531616211
